1|sweep_001|H11B_VERIFY|5378|5378|10106|4|5378|6983|5378|1|4|1|1|1|0|0|0|bps_tpb_2024=1522;bps_tpb_2025=62;bps_webapi=3794
1|sweep_002|H11B_VERIFY|5378|5378|10106|4|5378|6983|5378|1|4|1|1|1|0|0|0|bps_tpb_2024=1522;bps_tpb_2025=62;bps_webapi=3794
1|sweep_004|H11B_VERIFY|5378|5378|10106|4|5378|6983|5378|1|4|1|1|1|0|0|0|bps_tpb_2024=1522;bps_tpb_2025=62;bps_webapi=3794
1|sweep_008|H11B_VERIFY|5378|5378|10106|4|5378|6983|5378|1|4|1|1|1|0|0|0|bps_tpb_2024=1522;bps_tpb_2025=62;bps_webapi=3794
1|sweep_016|H11B_VERIFY|5378|5378|10106|4|5378|6983|5378|1|4|1|1|1|0|0|0|bps_tpb_2024=1522;bps_tpb_2025=62;bps_webapi=3794
1|sweep_038|H11B_VERIFY|5378|5378|10106|4|5378|6983|5378|1|4|1|1|1|0|0|0|bps_tpb_2024=1522;bps_tpb_2025=62;bps_webapi=3794
2|sweep_001|H11B_VERIFY|5378|5378|10106|4|5378|6983|5378|1|4|1|1|1|0|0|0|bps_tpb_2024=1522;bps_tpb_2025=62;bps_webapi=3794
2|sweep_002|H11B_VERIFY|5378|5378|10106|4|5378|6983|5378|1|4|1|1|1|0|0|0|bps_tpb_2024=1522;bps_tpb_2025=62;bps_webapi=3794
2|sweep_004|H11B_VERIFY|5378|5378|10106|4|5378|6983|5378|1|4|1|1|1|0|0|0|bps_tpb_2024=1522;bps_tpb_2025=62;bps_webapi=3794
2|sweep_008|H11B_VERIFY|5378|5378|10106|4|5378|6983|5378|1|4|1|1|1|0|0|0|bps_tpb_2024=1522;bps_tpb_2025=62;bps_webapi=3794
2|sweep_016|H11B_VERIFY|5378|5378|10106|4|5378|6983|5378|1|4|1|1|1|0|0|0|bps_tpb_2024=1522;bps_tpb_2025=62;bps_webapi=3794
2|sweep_038|H11B_VERIFY|5378|5378|10106|4|5378|6983|5378|1|4|1|1|1|0|0|0|bps_tpb_2024=1522;bps_tpb_2025=62;bps_webapi=3794
3|sweep_001|H11B_VERIFY|5378|5378|10106|4|5378|6983|5378|1|4|1|1|1|0|0|0|bps_tpb_2024=1522;bps_tpb_2025=62;bps_webapi=3794
3|sweep_002|H11B_VERIFY|5378|5378|10106|4|5378|6983|5378|1|4|1|1|1|0|0|0|bps_tpb_2024=1522;bps_tpb_2025=62;bps_webapi=3794
3|sweep_004|H11B_VERIFY|5378|5378|10106|4|5378|6983|5378|1|4|1|1|1|0|0|0|bps_tpb_2024=1522;bps_tpb_2025=62;bps_webapi=3794
3|sweep_008|H11B_VERIFY|5378|5378|10106|4|5378|6983|5378|1|4|1|1|1|0|0|0|bps_tpb_2024=1522;bps_tpb_2025=62;bps_webapi=3794
3|sweep_016|H11B_VERIFY|5378|5378|10106|4|5378|6983|5378|1|4|1|1|1|0|0|0|bps_tpb_2024=1522;bps_tpb_2025=62;bps_webapi=3794
3|sweep_038|H11B_VERIFY|5378|5378|10106|4|5378|6983|5378|1|4|1|1|1|0|0|0|bps_tpb_2024=1522;bps_tpb_2025=62;bps_webapi=3794
